ID	lgth	out	in	long_cov	short1_cov	short1_Ocov	short2_cov	short2_Ocov	long_nb	short1_nb	short2_nb
1	305	2	2	0.000000	14.616393	12.865574	0.000000	0.000000	0	0	0
2	1	1	1	0.000000	18.000000	15.000000	0.000000	0.000000	0	0	0
3	128	2	2	0.000000	14.656250	12.804688	0.000000	0.000000	0	0	0
4	234	2	1	0.000000	10.081197	8.739316	0.000000	0.000000	0	0	0
5	659	2	2	0.000000	15.368741	13.632777	0.000000	0.000000	0	0	0
6	223	1	2	0.000000	18.372197	13.825112	0.000000	0.000000	0	0	0
7	21	1	1	0.000000	14.095238	10.476190	0.000000	0.000000	0	0	0
8	5	1	1	0.000000	13.800000	13.800000	0.000000	0.000000	0	0	0
9	1	2	2	0.000000	31.000000	31.000000	0.000000	0.000000	0	0	0
10	42	1	1	0.000000	14.166667	12.880952	0.000000	0.000000	0	0	0
11	1	3	2	0.000000	44.000000	8.000000	0.000000	0.000000	0	0	0
12	4	2	2	0.000000	55.000000	21.000000	0.000000	0.000000	0	0	0
13	16	1	1	0.000000	14.375000	12.750000	0.000000	0.000000	0	0	0
14	159	2	1	0.000000	11.327044	9.503145	0.000000	0.000000	0	0	0
15	21	1	1	0.000000	10.047619	9.857143	0.000000	0.000000	0	0	0
16	13	1	1	0.000000	15.923077	14.923077	0.000000	0.000000	0	0	0
17	49	1	2	0.000000	14.510204	13.653061	0.000000	0.000000	0	0	0
18	1	1	3	0.000000	46.000000	45.000000	0.000000	0.000000	0	0	0
19	2	1	1	0.000000	46.500000	32.000000	0.000000	0.000000	0	0	0
20	1	2	2	0.000000	45.000000	18.000000	0.000000	0.000000	0	0	0
21	6	2	1	0.000000	44.500000	16.000000	0.000000	0.000000	0	0	0
22	5	2	1	0.000000	41.200000	16.200000	0.000000	0.000000	0	0	0
23	3	2	2	0.000000	57.666667	41.666667	0.000000	0.000000	0	0	0
24	2	1	2	0.000000	44.500000	30.000000	0.000000	0.000000	0	0	0
25	1	3	2	0.000000	60.000000	32.000000	0.000000	0.000000	0	0	0
26	1	2	3	0.000000	69.000000	42.000000	0.000000	0.000000	0	0	0
27	1	2	3	0.000000	73.000000	73.000000	0.000000	0.000000	0	0	0
28	1	2	1	0.000000	59.000000	59.000000	0.000000	0.000000	0	0	0
29	1	1	1	0.000000	58.000000	58.000000	0.000000	0.000000	0	0	0
30	1	2	3	0.000000	89.000000	89.000000	0.000000	0.000000	0	0	0
31	1	3	3	0.000000	428.000000	428.000000	0.000000	0.000000	0	0	0
32	949	1	2	0.000000	15.612223	13.804004	0.000000	0.000000	0	0	0
33	16	2	2	0.000000	44.250000	25.500000	0.000000	0.000000	0	0	0
34	21	1	1	0.000000	40.666667	18.857143	0.000000	0.000000	0	0	0
35	8	1	1	0.000000	12.000000	11.125000	0.000000	0.000000	0	0	0
36	3	1	3	0.000000	49.666667	49.333333	0.000000	0.000000	0	0	0
37	1	2	2	0.000000	66.000000	65.000000	0.000000	0.000000	0	0	0
38	1	1	2	0.000000	65.000000	64.000000	0.000000	0.000000	0	0	0
39	2	1	2	0.000000	65.500000	30.500000	0.000000	0.000000	0	0	0
40	2	1	2	0.000000	63.000000	30.500000	0.000000	0.000000	0	0	0
41	1	1	2	0.000000	76.000000	43.000000	0.000000	0.000000	0	0	0
42	2	2	2	0.000000	78.000000	45.000000	0.000000	0.000000	0	0	0
43	1	1	1	0.000000	13.000000	13.000000	0.000000	0.000000	0	0	0
44	52	1	2	0.000000	17.076923	15.346154	0.000000	0.000000	0	0	0
45	1	2	2	0.000000	33.000000	30.000000	0.000000	0.000000	0	0	0
46	101	2	1	0.000000	16.742574	14.099010	0.000000	0.000000	0	0	0
47	34	1	1	0.000000	1.000000	1.000000	0.000000	0.000000	0	0	0
48	1	3	3	0.000000	80.000000	80.000000	0.000000	0.000000	0	0	0
49	1	2	1	0.000000	54.000000	54.000000	0.000000	0.000000	0	0	0
50	1	1	1	0.000000	14.000000	14.000000	0.000000	0.000000	0	0	0
51	2	1	2	0.000000	13.500000	13.500000	0.000000	0.000000	0	0	0
52	7	2	2	0.000000	29.000000	29.000000	0.000000	0.000000	0	0	0
53	96	2	1	0.000000	18.312500	17.437500	0.000000	0.000000	0	0	0
54	46	2	2	0.000000	35.173913	25.347826	0.000000	0.000000	0	0	0
55	3	2	1	0.000000	31.333333	31.333333	0.000000	0.000000	0	0	0
56	4	2	1	0.000000	30.500000	30.500000	0.000000	0.000000	0	0	0
57	7	2	1	0.000000	30.571429	29.285714	0.000000	0.000000	0	0	0
58	7	1	1	0.000000	19.571429	19.142857	0.000000	0.000000	0	0	0
59	3	1	2	0.000000	19.333333	17.333333	0.000000	0.000000	0	0	0
60	4	1	2	0.000000	19.500000	17.500000	0.000000	0.000000	0	0	0
61	14	1	1	0.000000	16.785714	5.714286	0.000000	0.000000	0	0	0
62	7	1	2	0.000000	16.285714	14.857143	0.000000	0.000000	0	0	0
63	3	2	2	0.000000	31.666667	17.333333	0.000000	0.000000	0	0	0
64	210	2	1	0.000000	15.361905	14.709524	0.000000	0.000000	0	0	0
65	3	1	2	0.000000	18.666667	17.333333	0.000000	0.000000	0	0	0
66	16	1	2	0.000000	20.062500	17.437500	0.000000	0.000000	0	0	0
67	1	2	2	0.000000	28.000000	26.000000	0.000000	0.000000	0	0	0
68	12	2	1	0.000000	17.000000	15.500000	0.000000	0.000000	0	0	0
69	7	2	1	0.000000	13.000000	12.000000	0.000000	0.000000	0	0	0
70	8	2	1	0.000000	12.875000	11.875000	0.000000	0.000000	0	0	0
71	2	1	1	0.000000	11.000000	10.500000	0.000000	0.000000	0	0	0
72	3	1	2	0.000000	61.666667	31.000000	0.000000	0.000000	0	0	0
73	1248	2	2	0.000000	13.637821	12.094551	0.000000	0.000000	0	0	0
74	21	1	1	0.000000	1.000000	1.000000	0.000000	0.000000	0	0	0
75	14	1	2	0.000000	20.928571	20.142857	0.000000	0.000000	0	0	0
76	140	2	2	0.000000	15.342857	13.114286	0.000000	0.000000	0	0	0
77	20	1	1	0.000000	18.900000	13.600000	0.000000	0.000000	0	0	0
78	94	2	2	0.000000	17.063830	15.117021	0.000000	0.000000	0	0	0
79	66	2	2	0.000000	12.787879	10.651515	0.000000	0.000000	0	0	0
80	16	2	1	0.000000	19.312500	18.687500	0.000000	0.000000	0	0	0
81	2	1	1	0.000000	17.000000	17.000000	0.000000	0.000000	0	0	0
82	3	1	2	0.000000	56.666667	28.000000	0.000000	0.000000	0	0	0
83	13	1	1	0.000000	17.846154	15.153846	0.000000	0.000000	0	0	0
84	2216	2	2	0.000000	15.868231	14.074910	0.000000	0.000000	0	0	0
85	2	2	1	0.000000	17.500000	17.500000	0.000000	0.000000	0	0	0
86	2	1	1	0.000000	17.000000	17.000000	0.000000	0.000000	0	0	0
87	1	2	2	0.000000	31.000000	31.000000	0.000000	0.000000	0	0	0
88	1	2	2	0.000000	64.000000	30.000000	0.000000	0.000000	0	0	0
89	1	2	2	0.000000	58.000000	14.000000	0.000000	0.000000	0	0	0
90	1	1	1	0.000000	44.000000	11.000000	0.000000	0.000000	0	0	0
91	8	1	1	0.000000	14.250000	14.250000	0.000000	0.000000	0	0	0
92	798	2	2	0.000000	14.547619	13.041353	0.000000	0.000000	0	0	0
93	2852	2	2	0.000000	15.690393	13.907433	0.000000	0.000000	0	0	0
94	32	2	2	0.000000	16.125000	15.531250	0.000000	0.000000	0	0	0
95	35	1	1	0.000000	1.000000	1.000000	0.000000	0.000000	0	0	0
96	32	1	2	0.000000	9.625000	9.625000	0.000000	0.000000	0	0	0
97	21	1	1	0.000000	9.380952	8.095238	0.000000	0.000000	0	0	0
98	14	1	1	0.000000	15.571429	15.000000	0.000000	0.000000	0	0	0
99	1	1	2	0.000000	18.000000	17.000000	0.000000	0.000000	0	0	0
100	2686	2	2	0.000000	14.588235	12.803425	0.000000	0.000000	0	0	0
101	21	2	1	0.000000	19.476190	18.476190	0.000000	0.000000	0	0	0
102	16	2	1	0.000000	16.625000	16.250000	0.000000	0.000000	0	0	0
103	5	2	1	0.000000	13.800000	13.800000	0.000000	0.000000	0	0	0
104	4	1	2	0.000000	13.000000	12.500000	0.000000	0.000000	0	0	0
105	410	2	2	0.000000	17.926829	16.085366	0.000000	0.000000	0	0	0
106	10	2	1	0.000000	15.900000	15.500000	0.000000	0.000000	0	0	0
107	5	1	1	0.000000	13.200000	13.200000	0.000000	0.000000	0	0	0
108	1	2	2	0.000000	26.000000	26.000000	0.000000	0.000000	0	0	0
109	5	1	1	0.000000	12.600000	12.400000	0.000000	0.000000	0	0	0
110	10	1	2	0.000000	14.900000	13.200000	0.000000	0.000000	0	0	0
111	3	2	3	0.000000	18.000000	15.000000	0.000000	0.000000	0	0	0
112	122	2	2	0.000000	12.254098	11.024590	0.000000	0.000000	0	0	0
113	8	2	1	0.000000	16.375000	14.750000	0.000000	0.000000	0	0	0
114	5	2	1	0.000000	16.800000	16.800000	0.000000	0.000000	0	0	0
115	3	2	1	0.000000	16.000000	16.000000	0.000000	0.000000	0	0	0
116	5	1	1	0.000000	13.800000	13.800000	0.000000	0.000000	0	0	0
117	7	2	2	0.000000	12.571429	12.571429	0.000000	0.000000	0	0	0
118	1	1	1	0.000000	12.000000	12.000000	0.000000	0.000000	0	0	0
119	5	1	2	0.000000	13.600000	13.600000	0.000000	0.000000	0	0	0
120	3	1	2	0.000000	15.000000	15.000000	0.000000	0.000000	0	0	0
121	12	1	2	0.000000	15.000000	15.000000	0.000000	0.000000	0	0	0
122	60	1	2	0.000000	13.166667	11.766667	0.000000	0.000000	0	0	0
123	21	1	1	0.000000	11.571429	10.809524	0.000000	0.000000	0	0	0
124	107	2	2	0.000000	15.887850	14.915888	0.000000	0.000000	0	0	0
125	38	1	1	0.000000	16.184211	15.500000	0.000000	0.000000	0	0	0
126	164	2	2	0.000000	15.609756	14.286585	0.000000	0.000000	0	0	0
127	21	1	1	0.000000	17.714286	12.190476	0.000000	0.000000	0	0	0
128	937	1	2	0.000000	15.151547	13.182497	0.000000	0.000000	0	0	0
129	4	1	2	0.000000	32.750000	31.250000	0.000000	0.000000	0	0	0
130	1	1	2	0.000000	42.000000	40.000000	0.000000	0.000000	0	0	0
131	4	2	2	0.000000	52.000000	51.000000	0.000000	0.000000	0	0	0
132	1	2	3	0.000000	71.000000	62.000000	0.000000	0.000000	0	0	0
133	2	1	2	0.000000	93.500000	92.500000	0.000000	0.000000	0	0	0
134	2	2	2	0.000000	103.500000	101.500000	0.000000	0.000000	0	0	0
135	1	2	1	0.000000	93.000000	90.000000	0.000000	0.000000	0	0	0
136	37	1	1	0.000000	14.162162	12.297297	0.000000	0.000000	0	0	0
137	1	2	2	0.000000	38.000000	35.000000	0.000000	0.000000	0	0	0
138	234	1	1	0.000000	13.653846	11.824786	0.000000	0.000000	0	0	0
139	9	2	1	0.000000	17.777778	17.555556	0.000000	0.000000	0	0	0
140	1	2	1	0.000000	16.000000	16.000000	0.000000	0.000000	0	0	0
141	4	1	1	0.000000	15.500000	15.500000	0.000000	0.000000	0	0	0
142	1	1	2	0.000000	30.000000	30.000000	0.000000	0.000000	0	0	0
143	1	3	2	0.000000	63.000000	62.000000	0.000000	0.000000	0	0	0
144	1	2	1	0.000000	39.000000	39.000000	0.000000	0.000000	0	0	0
145	1	1	1	0.000000	37.000000	37.000000	0.000000	0.000000	0	0	0
146	2	1	2	0.000000	40.000000	40.000000	0.000000	0.000000	0	0	0
147	1	3	3	0.000000	43.000000	43.000000	0.000000	0.000000	0	0	0
148	3	1	2	0.000000	34.666667	34.666667	0.000000	0.000000	0	0	0
149	2	2	2	0.000000	35.000000	35.000000	0.000000	0.000000	0	0	0
150	4	1	1	0.000000	34.000000	33.000000	0.000000	0.000000	0	0	0
151	1	1	2	0.000000	34.000000	33.000000	0.000000	0.000000	0	0	0
152	2	2	3	0.000000	37.000000	35.000000	0.000000	0.000000	0	0	0
153	1	2	1	0.000000	37.000000	34.000000	0.000000	0.000000	0	0	0
154	20	1	1	0.000000	17.050000	16.150000	0.000000	0.000000	0	0	0
155	205	2	2	0.000000	17.278049	15.653659	0.000000	0.000000	0	0	0
156	15	1	1	0.000000	15.800000	13.066667	0.000000	0.000000	0	0	0
157	2	1	2	0.000000	25.500000	25.000000	0.000000	0.000000	0	0	0
158	4	2	2	0.000000	39.000000	36.250000	0.000000	0.000000	0	0	0
159	1	1	1	0.000000	25.000000	22.000000	0.000000	0.000000	0	0	0
160	3	1	2	0.000000	36.666667	31.666667	0.000000	0.000000	0	0	0
161	4	3	2	0.000000	51.250000	45.500000	0.000000	0.000000	0	0	0
162	1	2	1	0.000000	39.000000	15.000000	0.000000	0.000000	0	0	0
163	3	1	1	0.000000	31.000000	13.000000	0.000000	0.000000	0	0	0
164	21	1	1	0.000000	1.000000	1.000000	0.000000	0.000000	0	0	0
165	2	1	2	0.000000	10.000000	10.000000	0.000000	0.000000	0	0	0
166	10	1	2	0.000000	11.400000	11.400000	0.000000	0.000000	0	0	0
167	3	2	2	0.000000	25.000000	25.000000	0.000000	0.000000	0	0	0
168	9	1	1	0.000000	12.777778	12.777778	0.000000	0.000000	0	0	0
169	43	0	1	0.000000	7.767442	7.767442	0.000000	0.000000	0	0	0
170	2	2	2	0.000000	25.000000	25.000000	0.000000	0.000000	0	0	0
171	2	1	1	0.000000	11.500000	11.500000	0.000000	0.000000	0	0	0
172	3	2	2	0.000000	13.000000	13.000000	0.000000	0.000000	0	0	0
173	5	1	1	0.000000	11.200000	11.200000	0.000000	0.000000	0	0	0
174	5	1	2	0.000000	11.400000	11.400000	0.000000	0.000000	0	0	0
175	21	1	1	0.000000	9.476190	9.476190	0.000000	0.000000	0	0	0
176	2172	2	2	0.000000	14.785451	13.195212	0.000000	0.000000	0	0	0
177	6	1	1	0.000000	13.833333	13.833333	0.000000	0.000000	0	0	0
178	2	2	2	0.000000	27.500000	23.000000	0.000000	0.000000	0	0	0
179	331	2	1	0.000000	14.175227	12.716012	0.000000	0.000000	0	0	0
180	5	2	2	0.000000	16.200000	16.200000	0.000000	0.000000	0	0	0
181	1	1	1	0.000000	14.000000	14.000000	0.000000	0.000000	0	0	0
182	1	2	2	0.000000	52.000000	41.000000	0.000000	0.000000	0	0	0
183	4	1	1	0.000000	4.000000	4.000000	0.000000	0.000000	0	0	0
184	10	1	2	0.000000	11.400000	11.400000	0.000000	0.000000	0	0	0
185	1	2	2	0.000000	17.000000	17.000000	0.000000	0.000000	0	0	0
186	1175	2	1	0.000000	16.666383	14.782979	0.000000	0.000000	0	0	0
187	6	2	1	0.000000	14.166667	12.500000	0.000000	0.000000	0	0	0
188	1	2	1	0.000000	15.000000	14.000000	0.000000	0.000000	0	0	0
189	8	2	1	0.000000	13.625000	13.625000	0.000000	0.000000	0	0	0
190	6	1	1	0.000000	11.500000	11.500000	0.000000	0.000000	0	0	0
191	6	1	2	0.000000	12.833333	12.833333	0.000000	0.000000	0	0	0
192	1	1	2	0.000000	15.000000	14.000000	0.000000	0.000000	0	0	0
193	8	1	2	0.000000	16.000000	15.000000	0.000000	0.000000	0	0	0
194	17	1	2	0.000000	16.647059	14.176471	0.000000	0.000000	0	0	0
195	2	2	2	0.000000	33.000000	31.000000	0.000000	0.000000	0	0	0
196	49	1	1	0.000000	11.265306	10.653061	0.000000	0.000000	0	0	0
197	17	2	1	0.000000	16.882353	15.823529	0.000000	0.000000	0	0	0
198	17	1	2	0.000000	13.705882	8.941176	0.000000	0.000000	0	0	0
199	5	2	1	0.000000	66.800000	25.000000	0.000000	0.000000	0	0	0
200	42	2	1	0.000000	15.547619	11.571429	0.000000	0.000000	0	0	0
201	12	2	1	0.000000	17.000000	17.000000	0.000000	0.000000	0	0	0
202	7	1	1	0.000000	17.571429	17.571429	0.000000	0.000000	0	0	0
203	1	1	1	0.000000	66.000000	33.000000	0.000000	0.000000	0	0	0
204	1	1	2	0.000000	67.000000	34.000000	0.000000	0.000000	0	0	0
205	1	1	4	0.000000	78.000000	47.000000	0.000000	0.000000	0	0	0
206	1	1	2	0.000000	80.000000	49.000000	0.000000	0.000000	0	0	0
207	2	2	2	0.000000	81.000000	50.000000	0.000000	0.000000	0	0	0
208	1	1	1	0.000000	68.000000	37.000000	0.000000	0.000000	0	0	0
209	3	2	2	0.000000	77.000000	44.333333	0.000000	0.000000	0	0	0
210	5	2	1	0.000000	52.600000	42.600000	0.000000	0.000000	0	0	0
211	1171	2	2	0.000000	14.361230	12.759180	0.000000	0.000000	0	0	0
212	9	2	1	0.000000	8.444444	8.444444	0.000000	0.000000	0	0	0
213	9	1	1	0.000000	8.555556	8.555556	0.000000	0.000000	0	0	0
214	1	3	2	0.000000	12.000000	12.000000	0.000000	0.000000	0	0	0
215	1	1	1	0.000000	8.000000	8.000000	0.000000	0.000000	0	0	0
216	8	1	2	0.000000	8.375000	7.375000	0.000000	0.000000	0	0	0
217	1	2	2	0.000000	34.000000	32.000000	0.000000	0.000000	0	0	0
218	6	1	2	0.000000	27.666667	27.666667	0.000000	0.000000	0	0	0
219	1	1	2	0.000000	29.000000	29.000000	0.000000	0.000000	0	0	0
220	57	2	2	0.000000	33.649123	30.701754	0.000000	0.000000	0	0	0
221	21	1	1	0.000000	1.190476	1.190476	0.000000	0.000000	0	0	0
222	96	2	2	0.000000	14.520833	11.677083	0.000000	0.000000	0	0	0
223	19	1	1	0.000000	5.210526	4.473684	0.000000	0.000000	0	0	0
224	42	1	1	0.000000	11.571429	10.547619	0.000000	0.000000	0	0	0
225	1	1	1	0.000000	14.000000	14.000000	0.000000	0.000000	0	0	0
226	12	1	1	0.000000	15.083333	12.833333	0.000000	0.000000	0	0	0
227	9	1	2	0.000000	16.333333	15.111111	0.000000	0.000000	0	0	0
228	13	1	2	0.000000	17.846154	17.846154	0.000000	0.000000	0	0	0
229	4	2	2	0.000000	34.250000	34.250000	0.000000	0.000000	0	0	0
230	2	2	1	0.000000	30.500000	30.500000	0.000000	0.000000	0	0	0
231	19	1	1	0.000000	12.736842	11.263158	0.000000	0.000000	0	0	0
232	10	2	1	0.000000	13.000000	13.000000	0.000000	0.000000	0	0	0
233	4	1	1	0.000000	12.000000	12.000000	0.000000	0.000000	0	0	0
234	1	2	1	0.000000	46.000000	10.000000	0.000000	0.000000	0	0	0
235	2	2	1	0.000000	52.000000	22.000000	0.000000	0.000000	0	0	0
236	1	3	2	0.000000	53.000000	39.000000	0.000000	0.000000	0	0	0
237	4	1	1	0.000000	8.750000	8.750000	0.000000	0.000000	0	0	0
238	1	3	3	0.000000	43.000000	25.000000	0.000000	0.000000	0	0	0
239	4	2	2	0.000000	30.000000	21.250000	0.000000	0.000000	0	0	0
240	1	2	1	0.000000	13.000000	13.000000	0.000000	0.000000	0	0	0
241	34	1	1	0.000000	12.764706	11.529412	0.000000	0.000000	0	0	0
242	4	1	2	0.000000	21.750000	21.750000	0.000000	0.000000	0	0	0
243	5	2	2	0.000000	37.600000	37.600000	0.000000	0.000000	0	0	0
244	3	1	1	0.000000	32.333333	32.333333	0.000000	0.000000	0	0	0
245	6	1	1	0.000000	14.333333	14.333333	0.000000	0.000000	0	0	0
246	12	2	2	0.000000	32.583333	30.166667	0.000000	0.000000	0	0	0
247	3	1	1	0.000000	16.000000	14.333333	0.000000	0.000000	0	0	0
248	2848	1	2	0.000000	15.493680	13.896419	0.000000	0.000000	0	0	0
249	21	1	1	0.000000	32.095238	29.380952	0.000000	0.000000	0	0	0
250	2	1	2	0.000000	17.000000	16.000000	0.000000	0.000000	0	0	0
251	2	2	1	0.000000	22.000000	21.000000	0.000000	0.000000	0	0	0
252	11	2	1	0.000000	17.727273	17.545455	0.000000	0.000000	0	0	0
253	8	2	1	0.000000	16.375000	16.375000	0.000000	0.000000	0	0	0
254	4	2	1	0.000000	14.750000	14.750000	0.000000	0.000000	0	0	0
255	3	2	1	0.000000	13.000000	13.000000	0.000000	0.000000	0	0	0
256	1	1	1	0.000000	13.000000	13.000000	0.000000	0.000000	0	0	0
257	21	1	1	0.000000	1.000000	1.000000	0.000000	0.000000	0	0	0
258	21	1	1	0.000000	1.857143	1.857143	0.000000	0.000000	0	0	0
259	12	2	1	0.000000	22.333333	20.333333	0.000000	0.000000	0	0	0
260	2	2	1	0.000000	22.000000	20.000000	0.000000	0.000000	0	0	0
261	9	1	1	0.000000	19.888889	18.888889	0.000000	0.000000	0	0	0
262	4	2	2	0.000000	20.250000	20.250000	0.000000	0.000000	0	0	0
263	2	2	1	0.000000	20.000000	20.000000	0.000000	0.000000	0	0	0
264	4	2	2	0.000000	30.500000	30.500000	0.000000	0.000000	0	0	0
265	2	1	2	0.000000	16.500000	16.500000	0.000000	0.000000	0	0	0
266	2	2	2	0.000000	19.000000	19.000000	0.000000	0.000000	0	0	0
267	4	1	1	0.000000	19.500000	19.500000	0.000000	0.000000	0	0	0
268	3	2	2	0.000000	38.000000	37.000000	0.000000	0.000000	0	0	0
269	2	1	1	0.000000	34.500000	33.000000	0.000000	0.000000	0	0	0
270	6	2	2	0.000000	37.333333	35.333333	0.000000	0.000000	0	0	0
271	5	1	2	0.000000	23.600000	22.600000	0.000000	0.000000	0	0	0
272	25	1	2	0.000000	26.760000	26.120000	0.000000	0.000000	0	0	0
273	1274	2	2	0.000000	12.551805	11.240973	0.000000	0.000000	0	0	0
274	21	1	1	0.000000	17.809524	12.857143	0.000000	0.000000	0	0	0
275	12	2	1	0.000000	17.166667	16.833333	0.000000	0.000000	0	0	0
276	2	2	1	0.000000	17.000000	17.000000	0.000000	0.000000	0	0	0
277	21	1	1	0.000000	1.000000	1.000000	0.000000	0.000000	0	0	0
278	33	2	2	0.000000	15.151515	14.636364	0.000000	0.000000	0	0	0
279	21	1	1	0.000000	12.666667	12.238095	0.000000	0.000000	0	0	0
280	9	1	1	0.000000	14.111111	14.000000	0.000000	0.000000	0	0	0
281	6	2	2	0.000000	13.333333	13.333333	0.000000	0.000000	0	0	0
282	6	1	1	0.000000	12.000000	12.000000	0.000000	0.000000	0	0	0
283	46	2	2	0.000000	11.260870	11.043478	0.000000	0.000000	0	0	0
284	17	2	1	0.000000	10.647059	9.941176	0.000000	0.000000	0	0	0
285	75	2	2	0.000000	14.106667	12.266667	0.000000	0.000000	0	0	0
286	21	1	1	0.000000	15.761905	2.952381	0.000000	0.000000	0	0	0
287	13	1	1	0.000000	13.615385	8.076923	0.000000	0.000000	0	0	0
288	6	1	2	0.000000	17.166667	16.166667	0.000000	0.000000	0	0	0
289	16	1	1	0.000000	1.000000	1.000000	0.000000	0.000000	0	0	0
290	4	1	1	0.000000	1.000000	1.000000	0.000000	0.000000	0	0	0
291	1	1	2	0.000000	17.000000	16.000000	0.000000	0.000000	0	0	0
292	7	1	1	0.000000	13.285714	13.285714	0.000000	0.000000	0	0	0
293	22	1	1	0.000000	12.090909	12.090909	0.000000	0.000000	0	0	0
294	26	1	1	0.000000	14.500000	8.538462	0.000000	0.000000	0	0	0
295	3	2	1	0.000000	16.000000	16.000000	0.000000	0.000000	0	0	0
296	6	1	1	0.000000	17.500000	17.500000	0.000000	0.000000	0	0	0
297	2	2	2	0.000000	32.000000	32.000000	0.000000	0.000000	0	0	0
298	13	1	1	0.000000	18.230769	18.230769	0.000000	0.000000	0	0	0
299	4	2	2	0.000000	20.750000	19.500000	0.000000	0.000000	0	0	0
300	39	2	2	0.000000	28.128205	15.333333	0.000000	0.000000	0	0	0
301	21	1	1	0.000000	1.000000	1.000000	0.000000	0.000000	0	0	0
302	28	1	2	0.000000	12.071429	10.857143	0.000000	0.000000	0	0	0
303	28	1	1	0.000000	18.071429	17.250000	0.000000	0.000000	0	0	0
304	2540	2	2	0.000000	15.540551	13.717717	0.000000	0.000000	0	0	0
305	1369	2	2	0.000000	14.877283	13.338934	0.000000	0.000000	0	0	0
306	2	2	1	0.000000	18.000000	18.000000	0.000000	0.000000	0	0	0
307	7	2	1	0.000000	15.285714	15.285714	0.000000	0.000000	0	0	0
308	11	1	1	0.000000	15.272727	15.272727	0.000000	0.000000	0	0	0
309	45	1	1	0.000000	9.977778	9.688889	0.000000	0.000000	0	0	0
310	443	1	2	0.000000	19.354402	17.020316	0.000000	0.000000	0	0	0
311	8	2	1	0.000000	29.875000	20.375000	0.000000	0.000000	0	0	0
312	3	2	1	0.000000	30.333333	30.333333	0.000000	0.000000	0	0	0
313	10	1	1	0.000000	20.000000	18.600000	0.000000	0.000000	0	0	0
314	21	1	1	0.000000	15.523810	15.428571	0.000000	0.000000	0	0	0
315	4	1	1	0.000000	19.250000	17.750000	0.000000	0.000000	0	0	0
316	21	1	1	0.000000	7.285714	7.285714	0.000000	0.000000	0	0	0
317	26	1	2	0.000000	16.692308	15.692308	0.000000	0.000000	0	0	0
318	2	2	2	0.000000	34.000000	33.000000	0.000000	0.000000	0	0	0
319	2	1	1	0.000000	15.500000	15.000000	0.000000	0.000000	0	0	0
320	29	1	1	0.000000	1.000000	1.000000	0.000000	0.000000	0	0	0
321	7	2	2	0.000000	10.571429	10.571429	0.000000	0.000000	0	0	0
322	4	1	1	0.000000	11.500000	11.500000	0.000000	0.000000	0	0	0
323	8	1	1	0.000000	14.875000	14.875000	0.000000	0.000000	0	0	0
324	46	1	2	0.000000	16.304348	14.521739	0.000000	0.000000	0	0	0
325	21	1	1	0.000000	13.095238	13.095238	0.000000	0.000000	0	0	0
326	1958	2	1	0.000000	15.265066	13.510215	0.000000	0.000000	0	0	0
327	2	2	2	0.000000	23.000000	17.000000	0.000000	0.000000	0	0	0
328	50	2	1	0.000000	21.040000	15.840000	0.000000	0.000000	0	0	0
329	5	1	1	0.000000	17.200000	15.600000	0.000000	0.000000	0	0	0
330	3	1	2	0.000000	32.000000	31.666667	0.000000	0.000000	0	0	0
331	1	1	3	0.000000	48.000000	48.000000	0.000000	0.000000	0	0	0
332	1	1	2	0.000000	75.000000	74.000000	0.000000	0.000000	0	0	0
333	5	1	1	0.000000	16.800000	15.800000	0.000000	0.000000	0	0	0
334	124	2	2	0.000000	18.870968	16.806452	0.000000	0.000000	0	0	0
335	13	2	1	0.000000	20.153846	19.769231	0.000000	0.000000	0	0	0
336	3	2	1	0.000000	22.000000	22.000000	0.000000	0.000000	0	0	0
337	21	1	1	0.000000	1.000000	1.000000	0.000000	0.000000	0	0	0
338	1	1	2	0.000000	17.000000	16.000000	0.000000	0.000000	0	0	0
339	3	1	2	0.000000	18.000000	16.000000	0.000000	0.000000	0	0	0
340	11	1	2	0.000000	17.545455	14.545455	0.000000	0.000000	0	0	0
341	6456	2	2	0.000000	15.619269	14.023854	0.000000	0.000000	0	0	0
342	46	1	1	0.000000	17.173913	16.086957	0.000000	0.000000	0	0	0
343	21	1	1	0.000000	11.714286	8.142857	0.000000	0.000000	0	0	0
344	285	2	1	0.000000	18.108772	16.263158	0.000000	0.000000	0	0	0
345	80	1	2	0.000000	16.037500	14.725000	0.000000	0.000000	0	0	0
346	8	2	2	0.000000	27.500000	26.875000	0.000000	0.000000	0	0	0
347	2	1	1	0.000000	27.500000	27.500000	0.000000	0.000000	0	0	0
348	13	2	1	0.000000	14.000000	13.615385	0.000000	0.000000	0	0	0
349	2319	2	2	0.000000	14.670548	13.063389	0.000000	0.000000	0	0	0
350	1	2	1	0.000000	33.000000	15.000000	0.000000	0.000000	0	0	0
351	27	2	1	0.000000	9.962963	9.592593	0.000000	0.000000	0	0	0
352	4	1	1	0.000000	14.500000	13.500000	0.000000	0.000000	0	0	0
353	6	1	1	0.000000	17.666667	17.666667	0.000000	0.000000	0	0	0
354	5	2	2	0.000000	18.800000	17.200000	0.000000	0.000000	0	0	0
355	5	1	1	0.000000	17.800000	15.800000	0.000000	0.000000	0	0	0
356	3	2	2	0.000000	19.333333	17.333333	0.000000	0.000000	0	0	0
357	2	2	1	0.000000	19.500000	17.500000	0.000000	0.000000	0	0	0
358	11	1	1	0.000000	20.818182	19.545455	0.000000	0.000000	0	0	0
359	3	3	2	0.000000	21.000000	21.000000	0.000000	0.000000	0	0	0
360	5	1	1	0.000000	19.000000	19.000000	0.000000	0.000000	0	0	0
361	2	1	2	0.000000	20.000000	20.000000	0.000000	0.000000	0	0	0
362	9	2	2	0.000000	21.777778	21.777778	0.000000	0.000000	0	0	0
363	7	1	1	0.000000	5.571429	4.571429	0.000000	0.000000	0	0	0
364	9	1	1	0.000000	5.111111	5.111111	0.000000	0.000000	0	0	0
365	24	1	1	0.000000	15.375000	14.333333	0.000000	0.000000	0	0	0
366	5	2	2	0.000000	37.600000	37.200000	0.000000	0.000000	0	0	0
367	2692	1	1	0.000000	16.833210	14.953938	0.000000	0.000000	0	0	0
368	21	1	1	0.000000	1.000000	1.000000	0.000000	0.000000	0	0	0
369	3	1	2	0.000000	17.000000	16.000000	0.000000	0.000000	0	0	0
370	4	1	2	0.000000	18.750000	17.750000	0.000000	0.000000	0	0	0
371	39	2	2	0.000000	19.666667	15.102564	0.000000	0.000000	0	0	0
372	8	1	1	0.000000	17.000000	17.000000	0.000000	0.000000	0	0	0
373	1	2	1	0.000000	16.000000	16.000000	0.000000	0.000000	0	0	0
374	5	1	2	0.000000	15.200000	15.200000	0.000000	0.000000	0	0	0
375	17	1	2	0.000000	15.176471	15.176471	0.000000	0.000000	0	0	0
376	50	1	1	0.000000	18.160000	15.940000	0.000000	0.000000	0	0	0
377	21	1	1	0.000000	1.000000	1.000000	0.000000	0.000000	0	0	0
378	6	1	1	0.000000	11.333333	11.333333	0.000000	0.000000	0	0	0
379	2	1	2	0.000000	27.000000	27.000000	0.000000	0.000000	0	0	0
380	4	1	2	0.000000	28.500000	27.500000	0.000000	0.000000	0	0	0
381	3	1	2	0.000000	30.666667	29.666667	0.000000	0.000000	0	0	0
382	1749	2	2	0.000000	15.221269	13.344197	0.000000	0.000000	0	0	0
383	1370	2	0	0.000000	14.374453	13.008759	0.000000	0.000000	0	0	0
384	21	1	1	0.000000	19.380952	18.761905	0.000000	0.000000	0	0	0
385	47	1	1	0.000000	14.851064	10.744681	0.000000	0.000000	0	0	0
386	19	1	1	0.000000	10.578947	10.578947	0.000000	0.000000	0	0	0
387	207	2	2	0.000000	12.371981	10.671498	0.000000	0.000000	0	0	0
388	1	2	2	0.000000	19.000000	18.000000	0.000000	0.000000	0	0	0
389	44	2	1	0.000000	16.181818	14.681818	0.000000	0.000000	0	0	0
390	21	1	1	0.000000	15.047619	10.428571	0.000000	0.000000	0	0	0
391	5	2	2	0.000000	47.400000	40.000000	0.000000	0.000000	0	0	0
392	2	1	1	0.000000	32.000000	29.000000	0.000000	0.000000	0	0	0
393	29	2	2	0.000000	37.448276	34.724138	0.000000	0.000000	0	0	0
394	4	1	1	0.000000	15.500000	15.500000	0.000000	0.000000	0	0	0
395	9	1	2	0.000000	28.333333	28.333333	0.000000	0.000000	0	0	0
396	1	1	1	0.000000	17.000000	16.000000	0.000000	0.000000	0	0	0
397	2	1	2	0.000000	18.000000	17.000000	0.000000	0.000000	0	0	0
398	5	1	1	0.000000	19.400000	19.400000	0.000000	0.000000	0	0	0
399	6	2	3	0.000000	18.000000	18.000000	0.000000	0.000000	0	0	0
400	1091	2	2	0.000000	13.934922	12.207149	0.000000	0.000000	0	0	0
401	2	1	1	0.000000	2.000000	2.000000	0.000000	0.000000	0	0	0
402	1	1	2	0.000000	8.000000	8.000000	0.000000	0.000000	0	0	0
403	4	1	2	0.000000	12.750000	12.750000	0.000000	0.000000	0	0	0
404	2	2	2	0.000000	14.000000	14.000000	0.000000	0.000000	0	0	0
405	1	1	1	0.000000	1.000000	1.000000	0.000000	0.000000	0	0	0
406	2	2	2	0.000000	46.000000	16.000000	0.000000	0.000000	0	0	0
407	7	1	2	0.000000	14.857143	12.857143	0.000000	0.000000	0	0	0
408	61	2	1	0.000000	19.983607	17.688525	0.000000	0.000000	0	0	0
409	3	1	1	0.000000	18.000000	17.333333	0.000000	0.000000	0	0	0
410	1	2	2	0.000000	32.000000	27.000000	0.000000	0.000000	0	0	0
411	1	2	1	0.000000	30.000000	25.000000	0.000000	0.000000	0	0	0
412	16	1	1	0.000000	15.125000	13.937500	0.000000	0.000000	0	0	0
413	4	1	2	0.000000	16.000000	12.500000	0.000000	0.000000	0	0	0
414	7	1	1	0.000000	17.142857	16.428571	0.000000	0.000000	0	0	0
415	12	1	1	0.000000	18.416667	15.166667	0.000000	0.000000	0	0	0
416	1	2	2	0.000000	17.000000	16.000000	0.000000	0.000000	0	0	0
417	39	1	1	0.000000	15.102564	14.384615	0.000000	0.000000	0	0	0
418	21	1	1	0.000000	1.000000	1.000000	0.000000	0.000000	0	0	0
419	8	1	2	0.000000	14.125000	11.875000	0.000000	0.000000	0	0	0
420	7	1	2	0.000000	13.714286	9.714286	0.000000	0.000000	0	0	0
421	97	2	1	0.000000	13.144330	11.474227	0.000000	0.000000	0	0	0
422	6	1	1	0.000000	15.666667	14.666667	0.000000	0.000000	0	0	0
423	16	1	1	0.000000	7.875000	7.875000	0.000000	0.000000	0	0	0
424	2	2	1	0.000000	21.000000	21.000000	0.000000	0.000000	0	0	0
425	14	2	2	0.000000	11.571429	10.571429	0.000000	0.000000	0	0	0
426	21	1	1	0.000000	1.000000	1.000000	0.000000	0.000000	0	0	0
427	21	1	1	0.000000	16.142857	15.904762	0.000000	0.000000	0	0	0
428	9	1	1	0.000000	13.777778	13.000000	0.000000	0.000000	0	0	0
429	351	2	2	0.000000	13.239316	11.310541	0.000000	0.000000	0	0	0
430	11	2	1	0.000000	15.181818	15.181818	0.000000	0.000000	0	0	0
431	4	1	1	0.000000	15.750000	15.750000	0.000000	0.000000	0	0	0
432	333	2	2	0.000000	15.600601	13.600601	0.000000	0.000000	0	0	0
433	2	1	1	0.000000	2.000000	2.000000	0.000000	0.000000	0	0	0
434	16	2	2	0.000000	16.312500	5.500000	0.000000	0.000000	0	0	0
435	21	1	1	0.000000	13.047619	10.809524	0.000000	0.000000	0	0	0
436	850	2	2	0.000000	16.635294	14.912941	0.000000	0.000000	0	0	0
437	1	2	1	0.000000	21.000000	21.000000	0.000000	0.000000	0	0	0
438	3	2	1	0.000000	19.666667	19.666667	0.000000	0.000000	0	0	0
439	1	1	1	0.000000	18.000000	18.000000	0.000000	0.000000	0	0	0
440	9	1	2	0.000000	16.222222	16.222222	0.000000	0.000000	0	0	0
441	1	3	2	0.000000	33.000000	33.000000	0.000000	0.000000	0	0	0
442	1	1	1	0.000000	14.000000	14.000000	0.000000	0.000000	0	0	0
443	1	1	1	0.000000	15.000000	15.000000	0.000000	0.000000	0	0	0
444	3	1	2	0.000000	16.333333	16.000000	0.000000	0.000000	0	0	0
445	13	2	1	0.000000	12.846154	10.538462	0.000000	0.000000	0	0	0
446	8	1	1	0.000000	10.000000	9.500000	0.000000	0.000000	0	0	0
447	13	1	2	0.000000	12.153846	11.230769	0.000000	0.000000	0	0	0
448	9	1	1	0.000000	9.444444	9.444444	0.000000	0.000000	0	0	0
449	1	2	2	0.000000	57.000000	57.000000	0.000000	0.000000	0	0	0
450	1	3	1	0.000000	57.000000	57.000000	0.000000	0.000000	0	0	0
451	1	1	1	0.000000	42.000000	42.000000	0.000000	0.000000	0	0	0
452	1	2	2	0.000000	44.000000	44.000000	0.000000	0.000000	0	0	0
453	34	2	1	0.000000	21.176471	18.617647	0.000000	0.000000	0	0	0
454	33	1	2	0.000000	15.303030	14.060606	0.000000	0.000000	0	0	0
455	104	2	2	0.000000	12.673077	11.673077	0.000000	0.000000	0	0	0
456	1	2	1	0.000000	18.000000	18.000000	0.000000	0.000000	0	0	0
457	5	1	1	0.000000	17.200000	15.400000	0.000000	0.000000	0	0	0
458	21	1	1	0.000000	14.619048	13.000000	0.000000	0.000000	0	0	0
459	13	2	1	0.000000	17.384615	17.384615	0.000000	0.000000	0	0	0
460	8	1	1	0.000000	13.125000	13.125000	0.000000	0.000000	0	0	0
461	3	1	1	0.000000	15.000000	15.000000	0.000000	0.000000	0	0	0
462	1	1	3	0.000000	47.000000	36.000000	0.000000	0.000000	0	0	0
463	1	3	2	0.000000	42.000000	31.000000	0.000000	0.000000	0	0	0
464	2	2	1	0.000000	31.500000	29.500000	0.000000	0.000000	0	0	0
465	1	2	1	0.000000	31.000000	28.000000	0.000000	0.000000	0	0	0
466	3	2	1	0.000000	30.666667	27.666667	0.000000	0.000000	0	0	0
467	1354	1	2	0.000000	16.201625	14.541359	0.000000	0.000000	0	0	0
468	40	1	1	0.000000	18.100000	16.525000	0.000000	0.000000	0	0	0
469	4	1	2	0.000000	18.000000	18.000000	0.000000	0.000000	0	0	0
470	6	1	2	0.000000	18.833333	18.666667	0.000000	0.000000	0	0	0
471	1211	2	2	0.000000	16.127168	14.566474	0.000000	0.000000	0	0	0
472	1	2	1	0.000000	14.000000	13.000000	0.000000	0.000000	0	0	0
473	11	2	1	0.000000	13.818182	13.636364	0.000000	0.000000	0	0	0
474	4	1	1	0.000000	14.750000	14.750000	0.000000	0.000000	0	0	0
475	3	1	1	0.000000	14.666667	14.333333	0.000000	0.000000	0	0	0
476	65	2	1	0.000000	23.323077	20.984615	0.000000	0.000000	0	0	0
477	13	1	1	0.000000	18.923077	17.076923	0.000000	0.000000	0	0	0
478	21	1	1	0.000000	1.000000	1.000000	0.000000	0.000000	0	0	0
479	533	2	2	0.000000	16.388368	14.433396	0.000000	0.000000	0	0	0
480	391	2	2	0.000000	13.470588	11.869565	0.000000	0.000000	0	0	0
481	21	1	1	0.000000	1.000000	1.000000	0.000000	0.000000	0	0	0
482	5	1	1	0.000000	16.200000	16.200000	0.000000	0.000000	0	0	0
483	3588	2	1	0.000000	15.294036	13.724916	0.000000	0.000000	0	0	0
484	24	2	2	0.000000	16.833333	15.500000	0.000000	0.000000	0	0	0
485	95	2	2	0.000000	12.052632	9.989474	0.000000	0.000000	0	0	0
486	717	2	2	0.000000	15.694561	13.919107	0.000000	0.000000	0	0	0
487	21	1	1	0.000000	1.000000	1.000000	0.000000	0.000000	0	0	0
488	1	1	1	0.000000	40.000000	9.000000	0.000000	0.000000	0	0	0
489	1	1	2	0.000000	43.000000	12.000000	0.000000	0.000000	0	0	0
490	3	1	2	0.000000	55.000000	24.333333	0.000000	0.000000	0	0	0
491	1	1	2	0.000000	17.000000	17.000000	0.000000	0.000000	0	0	0
492	6	1	1	0.000000	13.166667	7.833333	0.000000	0.000000	0	0	0
493	391	2	1	0.000000	15.491049	13.373402	0.000000	0.000000	0	0	0
494	13	1	2	0.000000	13.692308	11.692308	0.000000	0.000000	0	0	0
495	47	1	1	0.000000	17.978723	15.723404	0.000000	0.000000	0	0	0
496	21	1	1	0.000000	1.000000	1.000000	0.000000	0.000000	0	0	0
497	21	1	1	0.000000	1.000000	1.000000	0.000000	0.000000	0	0	0
498	42	2	2	0.000000	8.476190	8.476190	0.000000	0.000000	0	0	0
499	5	1	1	0.000000	12.800000	12.800000	0.000000	0.000000	0	0	0
500	26	2	1	0.000000	6.615385	6.615385	0.000000	0.000000	0	0	0
501	6	1	1	0.000000	1.000000	1.000000	0.000000	0.000000	0	0	0
502	4	1	2	0.000000	4.000000	4.000000	0.000000	0.000000	0	0	0
503	1	2	2	0.000000	5.000000	5.000000	0.000000	0.000000	0	0	0
504	2	2	1	0.000000	2.500000	2.500000	0.000000	0.000000	0	0	0
505	2	2	1	0.000000	2.000000	2.000000	0.000000	0.000000	0	0	0
506	6	1	1	0.000000	1.000000	1.000000	0.000000	0.000000	0	0	0
507	4	1	2	0.000000	11.250000	11.250000	0.000000	0.000000	0	0	0
508	5	1	2	0.000000	13.800000	13.800000	0.000000	0.000000	0	0	0
509	1412	2	2	0.000000	16.083569	14.468130	0.000000	0.000000	0	0	0
510	21	1	1	0.000000	10.857143	4.333333	0.000000	0.000000	0	0	0
511	365	1	2	0.000000	14.454795	13.000000	0.000000	0.000000	0	0	0
512	39	1	1	0.000000	1.000000	1.000000	0.000000	0.000000	0	0	0
513	45	2	2	0.000000	17.577778	14.444444	0.000000	0.000000	0	0	0
514	79	2	2	0.000000	19.949367	16.721519	0.000000	0.000000	0	0	0
515	21	1	1	0.000000	20.857143	15.761905	0.000000	0.000000	0	0	0
516	10	1	1	0.000000	15.800000	12.100000	0.000000	0.000000	0	0	0
517	19	1	1	0.000000	13.947368	13.105263	0.000000	0.000000	0	0	0
518	247	2	2	0.000000	16.012146	14.255061	0.000000	0.000000	0	0	0
519	46	1	1	0.000000	13.847826	13.391304	0.000000	0.000000	0	0	0
520	8	2	1	0.000000	15.375000	14.375000	0.000000	0.000000	0	0	0
521	12	2	1	0.000000	1.583333	1.583333	0.000000	0.000000	0	0	0
522	9	1	1	0.000000	1.000000	1.000000	0.000000	0.000000	0	0	0
523	9615	2	2	0.000000	15.043890	13.532917	0.000000	0.000000	0	0	0
524	21	1	1	0.000000	16.666667	16.523810	0.000000	0.000000	0	0	0
525	1	2	1	0.000000	42.000000	31.000000	0.000000	0.000000	0	0	0
526	24	1	1	0.000000	16.875000	16.333333	0.000000	0.000000	0	0	0
527	342	2	2	0.000000	14.011696	12.035088	0.000000	0.000000	0	0	0
528	2	1	1	0.000000	13.000000	12.500000	0.000000	0.000000	0	0	0
529	4	1	2	0.000000	14.750000	13.750000	0.000000	0.000000	0	0	0
530	28	1	2	0.000000	15.535714	14.964286	0.000000	0.000000	0	0	0
531	227	2	2	0.000000	18.211454	15.806167	0.000000	0.000000	0	0	0
532	64	2	1	0.000000	17.953125	16.468750	0.000000	0.000000	0	0	0
533	235	2	2	0.000000	16.757447	15.225532	0.000000	0.000000	0	0	0
534	24	1	1	0.000000	11.708333	11.250000	0.000000	0.000000	0	0	0
535	2	2	1	0.000000	39.000000	7.500000	0.000000	0.000000	0	0	0
536	5	1	1	0.000000	37.600000	8.800000	0.000000	0.000000	0	0	0
537	5	1	1	0.000000	9.200000	9.200000	0.000000	0.000000	0	0	0
538	1624	2	2	0.000000	15.421182	13.708128	0.000000	0.000000	0	0	0
539	271	1	2	0.000000	14.099631	12.527675	0.000000	0.000000	0	0	0
540	1	2	3	0.000000	43.000000	43.000000	0.000000	0.000000	0	0	0
541	1	2	1	0.000000	34.000000	34.000000	0.000000	0.000000	0	0	0
542	10	2	1	0.000000	13.500000	13.000000	0.000000	0.000000	0	0	0
543	1	1	1	0.000000	11.000000	11.000000	0.000000	0.000000	0	0	0
544	9	1	1	0.000000	9.111111	9.111111	0.000000	0.000000	0	0	0
545	10	1	2	0.000000	8.300000	7.700000	0.000000	0.000000	0	0	0
546	296	2	1	0.000000	15.564189	13.712838	0.000000	0.000000	0	0	0
547	32	1	1	0.000000	1.000000	1.000000	0.000000	0.000000	0	0	0
548	412	2	2	0.000000	14.657767	13.186893	0.000000	0.000000	0	0	0
549	14	1	2	0.000000	13.285714	13.142857	0.000000	0.000000	0	0	0
550	0	2	4	Inf	Inf	Inf	Inf	Inf	0	0	0
551	601	2	1	0.000000	15.081531	13.207987	0.000000	0.000000	0	0	0
552	5	1	2	0.000000	13.400000	9.400000	0.000000	0.000000	0	0	0
553	14	1	1	0.000000	16.785714	6.571429	0.000000	0.000000	0	0	0
554	2	1	1	0.000000	16.000000	12.500000	0.000000	0.000000	0	0	0
555	814	2	2	0.000000	16.615479	14.316953	0.000000	0.000000	0	0	0
556	240	2	1	0.000000	15.479167	12.958333	0.000000	0.000000	0	0	0
557	8	1	1	0.000000	14.500000	11.125000	0.000000	0.000000	0	0	0
558	13	2	1	0.000000	15.384615	11.384615	0.000000	0.000000	0	0	0
559	11	1	2	0.000000	9.636364	8.636364	0.000000	0.000000	0	0	0
560	21	1	1	0.000000	1.000000	1.000000	0.000000	0.000000	0	0	0
561	18	1	1	0.000000	10.166667	9.722222	0.000000	0.000000	0	0	0
562	93	1	2	0.000000	16.623656	14.419355	0.000000	0.000000	0	0	0
563	1	1	1	0.000000	29.000000	17.000000	0.000000	0.000000	0	0	0
564	31	2	2	0.000000	15.870968	13.709677	0.000000	0.000000	0	0	0
565	32	1	1	0.000000	13.156250	11.843750	0.000000	0.000000	0	0	0
566	21	1	1	0.000000	1.000000	1.000000	0.000000	0.000000	0	0	0
567	105	2	2	0.000000	23.371429	19.047619	0.000000	0.000000	0	0	0
568	25	1	1	0.000000	1.000000	1.000000	0.000000	0.000000	0	0	0
569	21	1	1	0.000000	1.000000	1.000000	0.000000	0.000000	0	0	0
570	2	2	2	0.000000	59.000000	56.000000	0.000000	0.000000	0	0	0
571	1	2	1	0.000000	45.000000	45.000000	0.000000	0.000000	0	0	0
572	1	2	2	0.000000	46.000000	46.000000	0.000000	0.000000	0	0	0
573	1	1	1	0.000000	44.000000	44.000000	0.000000	0.000000	0	0	0
574	1	2	2	0.000000	61.000000	55.000000	0.000000	0.000000	0	0	0
575	5	1	1	0.000000	16.000000	16.000000	0.000000	0.000000	0	0	0
576	21	1	1	0.000000	2.000000	2.000000	0.000000	0.000000	0	0	0
577	3	2	2	0.000000	15.333333	5.000000	0.000000	0.000000	0	0	0
578	20	1	1	0.000000	16.400000	11.850000	0.000000	0.000000	0	0	0
579	4	2	2	0.000000	19.250000	19.250000	0.000000	0.000000	0	0	0
580	21	1	1	0.000000	1.000000	1.000000	0.000000	0.000000	0	0	0
581	3	1	2	0.000000	21.666667	18.666667	0.000000	0.000000	0	0	0
582	13	1	2	0.000000	21.923077	19.538462	0.000000	0.000000	0	0	0
583	1	2	2	0.000000	29.000000	27.000000	0.000000	0.000000	0	0	0
584	370	2	1	0.000000	14.613514	12.845946	0.000000	0.000000	0	0	0
585	21	1	1	0.000000	1.000000	1.000000	0.000000	0.000000	0	0	0
586	38	2	1	0.000000	20.473684	18.973684	0.000000	0.000000	0	0	0
587	21	1	1	0.000000	7.428571	7.428571	0.000000	0.000000	0	0	0
588	1	2	2	0.000000	17.000000	16.000000	0.000000	0.000000	0	0	0
589	15	2	1	0.000000	14.000000	13.266667	0.000000	0.000000	0	0	0
590	3	2	1	0.000000	14.000000	14.000000	0.000000	0.000000	0	0	0
591	10	2	1	0.000000	14.000000	14.000000	0.000000	0.000000	0	0	0
592	6	1	1	0.000000	12.333333	12.333333	0.000000	0.000000	0	0	0
593	19	1	2	0.000000	12.789474	12.789474	0.000000	0.000000	0	0	0
594	18	2	1	0.000000	14.722222	14.277778	0.000000	0.000000	0	0	0
595	21	1	1	0.000000	1.000000	1.000000	0.000000	0.000000	0	0	0
596	39	1	2	0.000000	12.230769	10.487179	0.000000	0.000000	0	0	0
597	378	2	2	0.000000	15.563492	13.997354	0.000000	0.000000	0	0	0
598	11	1	1	0.000000	1.000000	1.000000	0.000000	0.000000	0	0	0
599	1	2	2	0.000000	2.000000	2.000000	0.000000	0.000000	0	0	0
600	9	1	1	0.000000	1.000000	1.000000	0.000000	0.000000	0	0	0
601	8	1	2	0.000000	14.500000	7.375000	0.000000	0.000000	0	0	0
602	21	1	1	0.000000	1.000000	1.000000	0.000000	0.000000	0	0	0
603	2249	2	2	0.000000	14.796354	13.296132	0.000000	0.000000	0	0	0
604	20	1	1	0.000000	12.500000	8.800000	0.000000	0.000000	0	0	0
605	21	1	1	0.000000	19.095238	15.666667	0.000000	0.000000	0	0	0
606	13	2	1	0.000000	19.846154	18.384615	0.000000	0.000000	0	0	0
607	5	2	1	0.000000	18.800000	18.800000	0.000000	0.000000	0	0	0
608	2	1	2	0.000000	20.000000	20.000000	0.000000	0.000000	0	0	0
609	1	1	2	0.000000	19.000000	19.000000	0.000000	0.000000	0	0	0
610	11	1	3	0.000000	16.727273	9.727273	0.000000	0.000000	0	0	0
611	21	1	1	0.000000	1.000000	1.000000	0.000000	0.000000	0	0	0
612	4	2	1	0.000000	10.250000	10.250000	0.000000	0.000000	0	0	0
613	21	1	1	0.000000	6.666667	6.000000	0.000000	0.000000	0	0	0
614	13	1	2	0.000000	13.923077	12.384615	0.000000	0.000000	0	0	0
615	1	2	1	0.000000	12.000000	12.000000	0.000000	0.000000	0	0	0
616	4	1	2	0.000000	11.000000	11.000000	0.000000	0.000000	0	0	0
617	438	2	1	0.000000	16.390411	15.353881	0.000000	0.000000	0	0	0
618	21	1	1	0.000000	1.000000	1.000000	0.000000	0.000000	0	0	0
619	877	2	2	0.000000	15.012543	12.806157	0.000000	0.000000	0	0	0
620	18	1	2	0.000000	13.277778	10.777778	0.000000	0.000000	0	0	0
621	166	2	2	0.000000	17.487952	16.066265	0.000000	0.000000	0	0	0
622	16	1	1	0.000000	10.875000	10.375000	0.000000	0.000000	0	0	0
623	1621	2	1	0.000000	16.074645	14.131400	0.000000	0.000000	0	0	0
624	21	1	1	0.000000	1.000000	1.000000	0.000000	0.000000	0	0	0
625	36	1	1	0.000000	16.194444	12.416667	0.000000	0.000000	0	0	0
626	21	1	1	0.000000	14.380952	13.142857	0.000000	0.000000	0	0	0
627	13	1	1	0.000000	15.692308	15.692308	0.000000	0.000000	0	0	0
628	7	1	1	0.000000	13.285714	12.428571	0.000000	0.000000	0	0	0
629	2	2	1	0.000000	15.000000	15.000000	0.000000	0.000000	0	0	0
630	2	2	1	0.000000	13.000000	13.000000	0.000000	0.000000	0	0	0
631	1	2	1	0.000000	11.000000	11.000000	0.000000	0.000000	0	0	0
632	4	1	1	0.000000	8.000000	8.000000	0.000000	0.000000	0	0	0
633	2	1	2	0.000000	10.000000	10.000000	0.000000	0.000000	0	0	0
634	1	3	2	0.000000	53.000000	12.000000	0.000000	0.000000	0	0	0
635	1239	1	1	0.000000	15.328491	13.507667	0.000000	0.000000	0	0	0
636	447	2	1	0.000000	15.615213	13.496644	0.000000	0.000000	0	0	0
637	12	1	1	0.000000	14.833333	12.250000	0.000000	0.000000	0	0	0
638	8	1	1	0.000000	13.750000	13.750000	0.000000	0.000000	0	0	0
639	9	1	2	0.000000	16.000000	15.333333	0.000000	0.000000	0	0	0
640	1	1	2	0.000000	17.000000	16.000000	0.000000	0.000000	0	0	0
641	1099	1	2	0.000000	14.707006	13.232029	0.000000	0.000000	0	0	0
642	27	1	1	0.000000	10.259259	10.259259	0.000000	0.000000	0	0	0
643	12	1	1	0.000000	1.000000	1.000000	0.000000	0.000000	0	0	0
644	8	1	1	0.000000	1.000000	1.000000	0.000000	0.000000	0	0	0
645	1	2	1	0.000000	13.000000	13.000000	0.000000	0.000000	0	0	0
646	6	1	2	0.000000	12.666667	12.333333	0.000000	0.000000	0	0	0
647	1	1	2	0.000000	14.000000	13.000000	0.000000	0.000000	0	0	0
648	6	2	2	0.000000	13.833333	12.833333	0.000000	0.000000	0	0	0
649	6	2	1	0.000000	14.000000	13.000000	0.000000	0.000000	0	0	0
650	22	1	1	0.000000	1.000000	1.000000	0.000000	0.000000	0	0	0
651	36	1	1	0.000000	1.000000	1.000000	0.000000	0.000000	0	0	0
652	18	1	1	0.000000	15.055556	13.888889	0.000000	0.000000	0	0	0
653	21	1	1	0.000000	6.428571	6.380952	0.000000	0.000000	0	0	0
654	21	1	1	0.000000	1.000000	1.000000	0.000000	0.000000	0	0	0
655	1	2	2	0.000000	31.000000	3.000000	0.000000	0.000000	0	0	0
656	3	1	1	0.000000	9.666667	9.666667	0.000000	0.000000	0	0	0
657	2	1	2	0.000000	12.000000	12.000000	0.000000	0.000000	0	0	0
658	1	2	2	0.000000	13.000000	13.000000	0.000000	0.000000	0	0	0
659	46	1	1	0.000000	1.043478	1.043478	0.000000	0.000000	0	0	0
660	12	1	2	0.000000	11.916667	10.916667	0.000000	0.000000	0	0	0
661	5	1	2	0.000000	12.600000	11.600000	0.000000	0.000000	0	0	0
662	605	2	2	0.000000	12.700826	11.601653	0.000000	0.000000	0	0	0
663	31	1	1	0.000000	5.387097	4.741935	0.000000	0.000000	0	0	0
664	4	1	1	0.000000	1.000000	1.000000	0.000000	0.000000	0	0	0
665	1	1	2	0.000000	2.000000	2.000000	0.000000	0.000000	0	0	0
666	1	1	1	0.000000	1.000000	1.000000	0.000000	0.000000	0	0	0
667	4	1	2	0.000000	2.000000	2.000000	0.000000	0.000000	0	0	0
668	4	2	2	0.000000	3.000000	3.000000	0.000000	0.000000	0	0	0
669	6	1	1	0.000000	1.000000	1.000000	0.000000	0.000000	0	0	0
670	21	1	1	0.000000	1.000000	1.000000	0.000000	0.000000	0	0	0
671	1	2	2	0.000000	14.000000	7.000000	0.000000	0.000000	0	0	0
672	21	1	1	0.000000	1.000000	1.000000	0.000000	0.000000	0	0	0
673	7	1	1	0.000000	12.857143	12.142857	0.000000	0.000000	0	0	0
674	2	1	2	0.000000	14.000000	12.000000	0.000000	0.000000	0	0	0
675	10	2	1	0.000000	15.200000	13.200000	0.000000	0.000000	0	0	0
676	1	2	1	0.000000	16.000000	15.000000	0.000000	0.000000	0	0	0
677	2	1	1	0.000000	15.000000	14.000000	0.000000	0.000000	0	0	0
678	2	2	1	0.000000	13.000000	5.000000	0.000000	0.000000	0	0	0
679	21	1	1	0.000000	1.000000	1.000000	0.000000	0.000000	0	0	0
680	1	1	2	0.000000	28.000000	12.000000	0.000000	0.000000	0	0	0
681	21	1	1	0.000000	16.714286	9.809524	0.000000	0.000000	0	0	0
682	23	2	2	0.000000	12.521739	12.521739	0.000000	0.000000	0	0	0
683	7	2	1	0.000000	10.000000	10.000000	0.000000	0.000000	0	0	0
684	4	1	1	0.000000	8.750000	8.750000	0.000000	0.000000	0	0	0
685	10	1	1	0.000000	1.000000	1.000000	0.000000	0.000000	0	0	0
686	9	1	1	0.000000	1.000000	1.000000	0.000000	0.000000	0	0	0
687	7	2	1	0.000000	7.428571	7.428571	0.000000	0.000000	0	0	0
688	1	1	1	0.000000	8.000000	8.000000	0.000000	0.000000	0	0	0
689	32	1	1	0.000000	14.375000	13.187500	0.000000	0.000000	0	0	0
690	535	2	2	0.000000	13.998131	12.770093	0.000000	0.000000	0	0	0
691	21	1	1	0.000000	1.000000	1.000000	0.000000	0.000000	0	0	0
692	2	2	2	0.000000	17.000000	1.500000	0.000000	0.000000	0	0	0
693	12	1	2	0.000000	6.000000	6.000000	0.000000	0.000000	0	0	0
694	21	1	1	0.000000	1.000000	1.000000	0.000000	0.000000	0	0	0
695	24	1	1	0.000000	1.000000	1.000000	0.000000	0.000000	0	0	0
696	1	2	1	0.000000	2.000000	2.000000	0.000000	0.000000	0	0	0
697	5	1	1	0.000000	1.000000	1.000000	0.000000	0.000000	0	0	0
698	15	2	1	0.000000	9.866667	9.133333	0.000000	0.000000	0	0	0
699	2	1	1	0.000000	7.000000	7.000000	0.000000	0.000000	0	0	0
700	3	1	1	0.000000	6.333333	6.333333	0.000000	0.000000	0	0	0
701	15	1	2	0.000000	7.933333	7.000000	0.000000	0.000000	0	0	0
702	21	1	1	0.000000	12.761905	11.571429	0.000000	0.000000	0	0	0
703	38	1	1	0.000000	1.000000	1.000000	0.000000	0.000000	0	0	0
704	1	1	2	0.000000	11.000000	10.000000	0.000000	0.000000	0	0	0
705	21	1	1	0.000000	1.000000	1.000000	0.000000	0.000000	0	0	0
706	21	1	1	0.000000	1.000000	1.000000	0.000000	0.000000	0	0	0
707	21	1	1	0.000000	1.000000	1.000000	0.000000	0.000000	0	0	0
708	35	2	1	0.000000	8.857143	8.028571	0.000000	0.000000	0	0	0
709	21	1	1	0.000000	1.000000	1.000000	0.000000	0.000000	0	0	0
710	1112	2	1	0.000000	15.902878	14.328237	0.000000	0.000000	0	0	0
711	2	1	1	0.000000	13.500000	13.500000	0.000000	0.000000	0	0	0
712	21	1	1	0.000000	1.000000	1.000000	0.000000	0.000000	0	0	0
713	21	1	1	0.000000	1.000000	1.000000	0.000000	0.000000	0	0	0
714	20	1	1	0.000000	1.100000	1.100000	0.000000	0.000000	0	0	0
715	21	1	1	0.000000	1.761905	1.761905	0.000000	0.000000	0	0	0
716	26	1	1	0.000000	16.730769	14.192308	0.000000	0.000000	0	0	0
717	45	1	1	0.000000	1.000000	1.000000	0.000000	0.000000	0	0	0
718	50	1	1	0.000000	1.000000	1.000000	0.000000	0.000000	0	0	0
719	21	1	1	0.000000	1.000000	1.000000	0.000000	0.000000	0	0	0
720	7	1	1	0.000000	1.000000	1.000000	0.000000	0.000000	0	0	0
721	13	1	1	0.000000	1.000000	1.000000	0.000000	0.000000	0	0	0
722	47	1	1	0.000000	1.000000	1.000000	0.000000	0.000000	0	0	0
723	21	1	1	0.000000	1.000000	1.000000	0.000000	0.000000	0	0	0
724	1	2	1	0.000000	11.000000	10.000000	0.000000	0.000000	0	0	0
725	3	2	1	0.000000	10.000000	9.000000	0.000000	0.000000	0	0	0
726	2	2	1	0.000000	9.000000	9.000000	0.000000	0.000000	0	0	0
727	1	2	1	0.000000	9.000000	9.000000	0.000000	0.000000	0	0	0
728	1	1	1	0.000000	8.000000	8.000000	0.000000	0.000000	0	0	0
729	11	1	1	0.000000	9.545455	9.545455	0.000000	0.000000	0	0	0
730	1	1	2	0.000000	9.000000	9.000000	0.000000	0.000000	0	0	0
731	3	1	2	0.000000	10.000000	10.000000	0.000000	0.000000	0	0	0
732	2	1	2	0.000000	11.000000	10.500000	0.000000	0.000000	0	0	0
733	260	2	2	0.000000	13.473077	12.050000	0.000000	0.000000	0	0	0
734	3669	2	2	0.000000	15.787408	13.904606	0.000000	0.000000	0	0	0
735	21	1	1	0.000000	1.000000	1.000000	0.000000	0.000000	0	0	0
736	21	1	1	0.000000	1.000000	1.000000	0.000000	0.000000	0	0	0
737	21	1	1	0.000000	1.000000	1.000000	0.000000	0.000000	0	0	0
738	33	2	1	0.000000	1.090909	1.090909	0.000000	0.000000	0	0	0
739	21	1	1	0.000000	1.000000	1.000000	0.000000	0.000000	0	0	0
740	21	1	1	0.000000	1.000000	1.000000	0.000000	0.000000	0	0	0
741	32	1	1	0.000000	1.000000	1.000000	0.000000	0.000000	0	0	0
742	2	2	2	0.000000	17.500000	3.000000	0.000000	0.000000	0	0	0
743	3	2	1	0.000000	16.666667	2.000000	0.000000	0.000000	0	0	0
744	27	1	1	0.000000	1.000000	1.000000	0.000000	0.000000	0	0	0
745	14	1	1	0.000000	4.857143	4.857143	0.000000	0.000000	0	0	0
746	21	1	1	0.000000	1.000000	1.000000	0.000000	0.000000	0	0	0
747	21	1	1	0.000000	1.000000	1.000000	0.000000	0.000000	0	0	0
748	2	1	1	0.000000	29.000000	6.500000	0.000000	0.000000	0	0	0
749	21	1	1	0.000000	1.000000	1.000000	0.000000	0.000000	0	0	0
750	21	1	1	0.000000	1.000000	1.000000	0.000000	0.000000	0	0	0
751	21	1	1	0.000000	1.000000	1.000000	0.000000	0.000000	0	0	0
752	3	1	1	0.000000	1.000000	1.000000	0.000000	0.000000	0	0	0
753	3	2	2	0.000000	2.000000	2.000000	0.000000	0.000000	0	0	0
754	15	1	1	0.000000	1.000000	1.000000	0.000000	0.000000	0	0	0
755	4	1	1	0.000000	1.000000	1.000000	0.000000	0.000000	0	0	0
756	2	1	2	0.000000	32.000000	7.500000	0.000000	0.000000	0	0	0
757	21	1	1	0.000000	1.000000	1.000000	0.000000	0.000000	0	0	0
758	1	2	1	0.000000	12.000000	11.000000	0.000000	0.000000	0	0	0
759	21	1	1	0.000000	1.000000	1.000000	0.000000	0.000000	0	0	0
760	26	2	2	0.000000	12.384615	11.076923	0.000000	0.000000	0	0	0
761	21	1	1	0.000000	1.000000	1.000000	0.000000	0.000000	0	0	0
762	1	1	1	0.000000	1.000000	1.000000	0.000000	0.000000	0	0	0
763	17	1	1	0.000000	1.000000	1.000000	0.000000	0.000000	0	0	0
764	21	1	1	0.000000	1.000000	1.000000	0.000000	0.000000	0	0	0
765	21	1	1	0.000000	1.000000	1.000000	0.000000	0.000000	0	0	0
766	21	1	1	0.000000	1.000000	1.000000	0.000000	0.000000	0	0	0
767	2	1	1	0.000000	7.000000	7.000000	0.000000	0.000000	0	0	0
768	21	1	1	0.000000	13.428571	4.142857	0.000000	0.000000	0	0	0
769	10	1	1	0.000000	1.000000	1.000000	0.000000	0.000000	0	0	0
770	21	1	1	0.000000	1.000000	1.000000	0.000000	0.000000	0	0	0
771	27	1	1	0.000000	1.000000	1.000000	0.000000	0.000000	0	0	0
772	15	1	1	0.000000	1.000000	1.000000	0.000000	0.000000	0	0	0
773	21	1	1	0.000000	1.000000	1.000000	0.000000	0.000000	0	0	0
774	21	1	1	0.000000	1.000000	1.000000	0.000000	0.000000	0	0	0
775	21	1	1	0.000000	1.000000	1.000000	0.000000	0.000000	0	0	0
776	21	1	1	0.000000	1.000000	1.000000	0.000000	0.000000	0	0	0
777	8	1	1	0.000000	1.000000	1.000000	0.000000	0.000000	0	0	0
778	1	2	1	0.000000	3.000000	3.000000	0.000000	0.000000	0	0	0
779	5	1	1	0.000000	1.000000	1.000000	0.000000	0.000000	0	0	0
780	21	1	1	0.000000	1.000000	1.000000	0.000000	0.000000	0	0	0
781	25	1	2	0.000000	1.160000	1.160000	0.000000	0.000000	0	0	0
782	21	1	1	0.000000	1.000000	1.000000	0.000000	0.000000	0	0	0
783	21	1	1	0.000000	1.000000	1.000000	0.000000	0.000000	0	0	0
784	21	1	1	0.000000	1.000000	1.000000	0.000000	0.000000	0	0	0
785	21	1	1	0.000000	1.000000	1.000000	0.000000	0.000000	0	0	0
786	21	1	1	0.000000	1.000000	1.000000	0.000000	0.000000	0	0	0
787	38	2	1	0.000000	6.789474	5.631579	0.000000	0.000000	0	0	0
788	21	1	1	0.000000	1.000000	1.000000	0.000000	0.000000	0	0	0
789	5	1	1	0.000000	1.000000	1.000000	0.000000	0.000000	0	0	0
790	21	1	1	0.000000	1.000000	1.000000	0.000000	0.000000	0	0	0
791	9	1	1	0.000000	1.000000	1.000000	0.000000	0.000000	0	0	0
792	1	1	3	0.000000	3.000000	3.000000	0.000000	0.000000	0	0	0
793	5	1	1	0.000000	1.200000	1.200000	0.000000	0.000000	0	0	0
794	21	1	1	0.000000	1.000000	1.000000	0.000000	0.000000	0	0	0
795	21	1	1	0.000000	1.000000	1.000000	0.000000	0.000000	0	0	0
796	21	1	1	0.000000	1.000000	1.000000	0.000000	0.000000	0	0	0
797	21	1	1	0.000000	1.000000	1.000000	0.000000	0.000000	0	0	0
798	21	1	1	0.000000	1.000000	1.000000	0.000000	0.000000	0	0	0
799	21	1	1	0.000000	1.000000	1.000000	0.000000	0.000000	0	0	0
800	4	1	1	0.000000	1.000000	1.000000	0.000000	0.000000	0	0	0
801	21	1	1	0.000000	1.000000	1.000000	0.000000	0.000000	0	0	0
802	2	1	1	0.000000	12.000000	6.000000	0.000000	0.000000	0	0	0
803	1133	2	1	0.000000	15.431598	13.221536	0.000000	0.000000	0	0	0
804	40	1	1	0.000000	1.000000	1.000000	0.000000	0.000000	0	0	0
805	706	2	2	0.000000	14.188385	12.637394	0.000000	0.000000	0	0	0
806	554	2	1	0.000000	14.016245	12.043321	0.000000	0.000000	0	0	0
807	45	1	1	0.000000	3.622222	3.622222	0.000000	0.000000	0	0	0
808	3	1	1	0.000000	8.000000	8.000000	0.000000	0.000000	0	0	0
809	16	1	1	0.000000	1.000000	1.000000	0.000000	0.000000	0	0	0
810	5	1	2	0.000000	2.000000	2.000000	0.000000	0.000000	0	0	0
811	4	1	1	0.000000	7.000000	3.000000	0.000000	0.000000	0	0	0
812	553	2	2	0.000000	14.363472	13.065099	0.000000	0.000000	0	0	0
813	7	2	1	0.000000	20.000000	11.285714	0.000000	0.000000	0	0	0
814	12	1	2	0.000000	14.750000	5.750000	0.000000	0.000000	0	0	0
815	21	1	1	0.000000	1.000000	1.000000	0.000000	0.000000	0	0	0
816	21	1	1	0.000000	1.000000	1.000000	0.000000	0.000000	0	0	0
817	1	2	1	0.000000	19.000000	10.000000	0.000000	0.000000	0	0	0
818	1	1	1	0.000000	1.000000	1.000000	0.000000	0.000000	0	0	0
819	3	2	2	0.000000	2.000000	2.000000	0.000000	0.000000	0	0	0
820	49	1	1	0.000000	1.000000	1.000000	0.000000	0.000000	0	0	0
821	30	1	1	0.000000	1.000000	1.000000	0.000000	0.000000	0	0	0
822	6	2	1	0.000000	14.500000	7.000000	0.000000	0.000000	0	0	0
823	6	1	1	0.000000	18.333333	13.500000	0.000000	0.000000	0	0	0
824	21	1	1	0.000000	1.000000	1.000000	0.000000	0.000000	0	0	0
825	17	1	1	0.000000	21.470588	1.000000	0.000000	0.000000	0	0	0
826	5	2	1	0.000000	18.600000	8.800000	0.000000	0.000000	0	0	0
827	21	1	1	0.000000	1.000000	1.000000	0.000000	0.000000	0	0	0
828	200	0	2	0.000000	8.600000	7.925000	0.000000	0.000000	0	0	0
829	33	1	1	0.000000	1.000000	1.000000	0.000000	0.000000	0	0	0
830	466	2	2	0.000000	18.465665	15.761803	0.000000	0.000000	0	0	0
831	21	1	1	0.000000	1.000000	1.000000	0.000000	0.000000	0	0	0
832	328	2	2	0.000000	17.591463	16.064024	0.000000	0.000000	0	0	0
833	21	1	1	0.000000	1.000000	1.000000	0.000000	0.000000	0	0	0
834	14	1	1	0.000000	4.857143	4.857143	0.000000	0.000000	0	0	0
835	21	1	1	0.000000	1.000000	1.000000	0.000000	0.000000	0	0	0
836	4	1	2	0.000000	5.000000	4.250000	0.000000	0.000000	0	0	0
837	21	1	1	0.000000	1.000000	1.000000	0.000000	0.000000	0	0	0
838	21	1	1	0.000000	1.000000	1.000000	0.000000	0.000000	0	0	0
839	6	1	1	0.000000	1.000000	1.000000	0.000000	0.000000	0	0	0
840	21	1	1	0.000000	1.000000	1.000000	0.000000	0.000000	0	0	0
841	21	1	1	0.000000	1.000000	1.000000	0.000000	0.000000	0	0	0
842	3	1	1	0.000000	12.000000	8.666667	0.000000	0.000000	0	0	0
843	16	1	1	0.000000	8.625000	8.625000	0.000000	0.000000	0	0	0
844	8	1	1	0.000000	1.000000	1.000000	0.000000	0.000000	0	0	0
845	42	1	1	0.000000	1.000000	1.000000	0.000000	0.000000	0	0	0
846	1	1	2	0.000000	16.000000	8.000000	0.000000	0.000000	0	0	0
847	33	1	1	0.000000	1.000000	1.000000	0.000000	0.000000	0	0	0
848	21	1	1	0.000000	1.000000	1.000000	0.000000	0.000000	0	0	0
849	15	1	1	0.000000	3.600000	3.600000	0.000000	0.000000	0	0	0
850	32	1	1	0.000000	1.000000	1.000000	0.000000	0.000000	0	0	0
851	21	1	1	0.000000	1.000000	1.000000	0.000000	0.000000	0	0	0
852	21	1	1	0.000000	1.000000	1.000000	0.000000	0.000000	0	0	0
853	21	1	1	0.000000	1.000000	1.000000	0.000000	0.000000	0	0	0
854	21	1	1	0.000000	1.000000	1.000000	0.000000	0.000000	0	0	0
855	27	1	1	0.000000	1.000000	1.000000	0.000000	0.000000	0	0	0
856	2	1	1	0.000000	4.000000	4.000000	0.000000	0.000000	0	0	0
857	21	1	1	0.000000	1.000000	1.000000	0.000000	0.000000	0	0	0
858	44	1	1	0.000000	1.000000	1.000000	0.000000	0.000000	0	0	0
859	11	1	1	0.000000	1.000000	1.000000	0.000000	0.000000	0	0	0
860	9	1	1	0.000000	1.000000	1.000000	0.000000	0.000000	0	0	0
861	21	1	1	0.000000	1.000000	1.000000	0.000000	0.000000	0	0	0
862	21	1	1	0.000000	1.000000	1.000000	0.000000	0.000000	0	0	0
863	25	1	1	0.000000	1.000000	1.000000	0.000000	0.000000	0	0	0
864	7	1	1	0.000000	1.000000	1.000000	0.000000	0.000000	0	0	0
865	28	1	1	0.000000	1.000000	1.000000	0.000000	0.000000	0	0	0
866	21	1	1	0.000000	1.000000	1.000000	0.000000	0.000000	0	0	0
867	24	1	1	0.000000	1.000000	1.000000	0.000000	0.000000	0	0	0
868	24	1	1	0.000000	1.000000	1.000000	0.000000	0.000000	0	0	0
869	21	1	1	0.000000	1.000000	1.000000	0.000000	0.000000	0	0	0
870	21	1	1	0.000000	1.000000	1.000000	0.000000	0.000000	0	0	0
871	5	1	1	0.000000	1.000000	1.000000	0.000000	0.000000	0	0	0
872	1	2	2	0.000000	18.000000	2.000000	0.000000	0.000000	0	0	0
873	174	1	2	0.000000	13.591954	12.431034	0.000000	0.000000	0	0	0
874	21	1	1	0.000000	1.000000	1.000000	0.000000	0.000000	0	0	0
875	46	1	1	0.000000	1.000000	1.000000	0.000000	0.000000	0	0	0
876	21	1	1	0.000000	1.000000	1.000000	0.000000	0.000000	0	0	0
877	21	1	1	0.000000	1.000000	1.000000	0.000000	0.000000	0	0	0
878	21	1	1	0.000000	1.000000	1.000000	0.000000	0.000000	0	0	0
879	21	1	1	0.000000	1.000000	1.000000	0.000000	0.000000	0	0	0
880	21	1	1	0.000000	1.000000	1.000000	0.000000	0.000000	0	0	0
881	18	1	1	0.000000	1.000000	1.000000	0.000000	0.000000	0	0	0
882	2	1	1	0.000000	1.000000	1.000000	0.000000	0.000000	0	0	0
883	21	1	1	0.000000	1.000000	1.000000	0.000000	0.000000	0	0	0
884	12	1	1	0.000000	1.000000	1.000000	0.000000	0.000000	0	0	0
885	21	1	1	0.000000	1.000000	1.000000	0.000000	0.000000	0	0	0
886	21	1	1	0.000000	1.000000	1.000000	0.000000	0.000000	0	0	0
887	5	1	2	0.000000	32.600000	6.000000	0.000000	0.000000	0	0	0
888	46	1	1	0.000000	1.000000	1.000000	0.000000	0.000000	0	0	0
889	21	1	1	0.000000	1.000000	1.000000	0.000000	0.000000	0	0	0
890	36	1	1	0.000000	1.000000	1.000000	0.000000	0.000000	0	0	0
891	13	1	1	0.000000	1.000000	1.000000	0.000000	0.000000	0	0	0
892	6	1	1	0.000000	1.000000	1.000000	0.000000	0.000000	0	0	0
893	21	1	1	0.000000	1.000000	1.000000	0.000000	0.000000	0	0	0
894	6	1	1	0.000000	4.000000	3.500000	0.000000	0.000000	0	0	0
895	21	1	1	0.000000	1.000000	1.000000	0.000000	0.000000	0	0	0
896	21	1	1	0.000000	1.000000	1.000000	0.000000	0.000000	0	0	0
897	19	1	1	0.000000	1.000000	1.000000	0.000000	0.000000	0	0	0
898	16	1	1	0.000000	1.000000	1.000000	0.000000	0.000000	0	0	0
899	21	1	1	0.000000	1.000000	1.000000	0.000000	0.000000	0	0	0
900	21	1	1	0.000000	1.000000	1.000000	0.000000	0.000000	0	0	0
901	32	1	1	0.000000	1.000000	1.000000	0.000000	0.000000	0	0	0
902	28	1	1	0.000000	1.000000	1.000000	0.000000	0.000000	0	0	0
903	20	1	1	0.000000	1.000000	1.000000	0.000000	0.000000	0	0	0
904	15	1	1	0.000000	1.000000	1.000000	0.000000	0.000000	0	0	0
905	5	1	1	0.000000	1.000000	1.000000	0.000000	0.000000	0	0	0
906	21	1	1	0.000000	1.000000	1.000000	0.000000	0.000000	0	0	0
907	1	1	1	0.000000	1.000000	1.000000	0.000000	0.000000	0	0	0
908	21	1	1	0.000000	1.047619	1.047619	0.000000	0.000000	0	0	0
909	8	2	1	0.000000	2.000000	2.000000	0.000000	0.000000	0	0	0
910	13	1	1	0.000000	1.000000	1.000000	0.000000	0.000000	0	0	0
911	21	1	1	0.000000	1.000000	1.000000	0.000000	0.000000	0	0	0
912	21	1	1	0.000000	1.000000	1.000000	0.000000	0.000000	0	0	0
913	21	1	1	0.000000	1.000000	1.000000	0.000000	0.000000	0	0	0
914	21	1	1	0.000000	1.000000	1.000000	0.000000	0.000000	0	0	0
915	4	1	1	0.000000	1.000000	1.000000	0.000000	0.000000	0	0	0
916	7	1	1	0.000000	2.857143	2.857143	0.000000	0.000000	0	0	0
917	8	1	1	0.000000	1.000000	1.000000	0.000000	0.000000	0	0	0
918	1	2	2	0.000000	2.000000	2.000000	0.000000	0.000000	0	0	0
919	12	1	1	0.000000	1.000000	1.000000	0.000000	0.000000	0	0	0
920	21	1	1	0.000000	1.000000	1.000000	0.000000	0.000000	0	0	0
921	4	1	1	0.000000	1.000000	1.000000	0.000000	0.000000	0	0	0
922	21	1	1	0.000000	1.000000	1.000000	0.000000	0.000000	0	0	0
923	29	1	1	0.000000	1.000000	1.000000	0.000000	0.000000	0	0	0
924	21	1	1	0.000000	1.000000	1.000000	0.000000	0.000000	0	0	0
925	16	1	1	0.000000	1.000000	1.000000	0.000000	0.000000	0	0	0
926	5	1	1	0.000000	1.000000	1.000000	0.000000	0.000000	0	0	0
927	21	1	1	0.000000	1.000000	1.000000	0.000000	0.000000	0	0	0
928	23	1	1	0.000000	1.000000	1.000000	0.000000	0.000000	0	0	0
929	21	1	1	0.000000	1.000000	1.000000	0.000000	0.000000	0	0	0
930	21	1	1	0.000000	1.000000	1.000000	0.000000	0.000000	0	0	0
931	22	1	1	0.000000	1.000000	1.000000	0.000000	0.000000	0	0	0
932	21	1	1	0.000000	1.000000	1.000000	0.000000	0.000000	0	0	0
933	27	1	1	0.000000	1.000000	1.000000	0.000000	0.000000	0	0	0
934	21	1	1	0.000000	1.000000	1.000000	0.000000	0.000000	0	0	0
935	21	1	1	0.000000	1.000000	1.000000	0.000000	0.000000	0	0	0
936	21	1	1	0.000000	1.000000	1.000000	0.000000	0.000000	0	0	0
937	21	1	1	0.000000	1.000000	1.000000	0.000000	0.000000	0	0	0
938	21	1	1	0.000000	1.000000	1.000000	0.000000	0.000000	0	0	0
939	21	1	1	0.000000	1.000000	1.000000	0.000000	0.000000	0	0	0
940	11	1	1	0.000000	1.000000	1.000000	0.000000	0.000000	0	0	0
941	7	1	1	0.000000	1.000000	1.000000	0.000000	0.000000	0	0	0
942	21	1	1	0.000000	1.000000	1.000000	0.000000	0.000000	0	0	0
943	21	1	1	0.000000	1.000000	1.000000	0.000000	0.000000	0	0	0
944	22	1	1	0.000000	1.000000	1.000000	0.000000	0.000000	0	0	0
945	21	1	1	0.000000	1.000000	1.000000	0.000000	0.000000	0	0	0
946	18	1	1	0.000000	1.000000	1.000000	0.000000	0.000000	0	0	0
947	13	1	1	0.000000	1.000000	1.000000	0.000000	0.000000	0	0	0
948	21	1	1	0.000000	1.000000	1.000000	0.000000	0.000000	0	0	0
949	1	1	1	0.000000	1.000000	1.000000	0.000000	0.000000	0	0	0
950	21	1	1	0.000000	1.000000	1.000000	0.000000	0.000000	0	0	0
951	1	1	1	0.000000	1.000000	1.000000	0.000000	0.000000	0	0	0
952	5	1	1	0.000000	1.000000	1.000000	0.000000	0.000000	0	0	0
953	10	1	1	0.000000	1.000000	1.000000	0.000000	0.000000	0	0	0
954	21	1	1	0.000000	1.000000	1.000000	0.000000	0.000000	0	0	0
955	2	1	1	0.000000	1.000000	1.000000	0.000000	0.000000	0	0	0
956	16	1	1	0.000000	1.000000	1.000000	0.000000	0.000000	0	0	0
957	21	1	1	0.000000	1.000000	1.000000	0.000000	0.000000	0	0	0
958	8	1	1	0.000000	1.000000	1.000000	0.000000	0.000000	0	0	0
959	21	1	1	0.000000	1.000000	1.000000	0.000000	0.000000	0	0	0
960	21	1	1	0.000000	1.000000	1.000000	0.000000	0.000000	0	0	0
961	21	1	1	0.000000	1.000000	1.000000	0.000000	0.000000	0	0	0
962	10	1	1	0.000000	1.000000	1.000000	0.000000	0.000000	0	0	0
963	9	1	1	0.000000	1.000000	1.000000	0.000000	0.000000	0	0	0
964	21	1	1	0.000000	1.000000	1.000000	0.000000	0.000000	0	0	0
965	38	1	1	0.000000	1.000000	1.000000	0.000000	0.000000	0	0	0
966	21	1	1	0.000000	1.000000	1.000000	0.000000	0.000000	0	0	0
967	21	1	1	0.000000	1.000000	1.000000	0.000000	0.000000	0	0	0
968	2	1	1	0.000000	1.000000	1.000000	0.000000	0.000000	0	0	0
969	21	1	1	0.000000	1.000000	1.000000	0.000000	0.000000	0	0	0
